0  29239
1  29274
2  29308
3  29339
4  29372
5  29403
6  29439
7  29459
8  29479
9  29499
10  29515
11  29531
12  29547
13  29563
14  29579
15  29595
16  29611
17  29627
18  29643
19  29659
20  29675
21  29691
22  29707
23  29723
24  29739
25  29755
26  29771
27  29787
28  29803
29  29819
30  29835
31  29851
32  28727
33  28761
34  28793
35  28825
36  28861
37  28892
38  28927
39  28947
40  28967
41  28987
42  29003
43  29019
44  29035
45  29051
46  29067
47  29083
48  29099
49  29115
50  29131
51  29147
52  29163
53  29179
54  29195
55  29211
56  29227
57  29243
58  29259
59  29275
60  29291
61  29307
62  29323
63  29339
64  28215
65  28248
66  28283
67  28313
68  28344
69  28374
70  28408
71  28427
72  28446
73  28465
74  28480
75  28495
76  28510
77  28525
78  28540
79  28555
80  28570
81  28585
82  28600
83  28615
84  28630
85  28645
86  28660
87  28675
88  28690
89  28705
90  28720
91  28735
92  28750
93  28765
94  28780
95  28795
96  27704
97  27737
98  27771
99  27804
100  27836
101  27868
102  27903
103  27923
104  27943
105  27963
106  27979
107  27995
108  28011
109  28027
110  28043
111  28059
112  28075
113  28091
114  28107
115  28123
116  28139
117  28155
118  28171
119  28187
120  28203
121  28219
122  28235
123  28251
124  28267
125  28283
126  28299
127  28315
128  28739
129  28776
130  28811
131  28843
132  28877
133  28909
134  28946
135  28963
136  28980
137  28997
138  29014
139  29031
140  29048
141  29065
142  29082
143  29099
144  29116
145  29133
146  29150
147  29167
148  29184
149  29201
150  29218
151  29235
152  29252
153  29269
154  29286
155  29303
156  29320
157  29337
158  29354
159  29371
160  28227
161  28261
162  28298
163  28329
164  28361
165  28392
166  28428
167  28444
168  28460
169  28476
170  28492
171  28508
172  28524
173  28540
174  28556
175  28572
176  28588
177  28604
178  28620
179  28636
180  28652
181  28668
182  28684
183  28700
184  28716
185  28732
186  28748
187  28764
188  28780
189  28796
190  28812
191  28828
192  27715
193  27749
194  27784
195  27817
196  27848
197  27880
198  27915
199  27931
200  27947
201  27963
202  27979
203  27995
204  28011
205  28027
206  28043
207  28059
208  28075
209  28091
210  28107
211  28123
212  28139
213  28155
214  28171
215  28187
216  28203
217  28219
218  28235
219  28251
220  28267
221  28283
222  28299
223  28315
224  27204
225  27239
226  27276
227  27308
228  27342
229  27374
230  27410
231  27427
232  27444
233  27461
234  27478
235  27495
236  27512
237  27529
238  27546
239  27563
240  27580
241  27597
242  27614
243  27631
244  27648
245  27665
246  27682
247  27699
248  27716
249  27733
250  27750
251  27767
252  27784
253  27801
254  27818
255  27835
